SCMBranch=Expenses
SCMRepository=Expenses/images
jigsaw.gif;3988198526;1;1129815601;
menu_off.gif;1722711996;1;1129815601;
menu_on.gif;1503477313;1;1129815601;
newlogo.gif;92029712;1;1129815601;
newlogolong.gif;2773836625;1;1129815601;
newlogolong.jpg;3594018137;1;1129815601;
newlogoround.jpg;3020456902;1;1129815601;
selogo.gif;2946276515;1;1129815601;
selogo.JPG;950448054;1;1129815601;
spacer.gif;2875768182;1;1129815601;
styles.css;2711667909;2;1132761102;
sub_header_off.gif;1722711996;1;1129815601;
sub_header_on.gif;2053497128;1;1129815601;
sub_menu.gif;2771711228;1;1129815601;
Thumbs.db;1439476783;1;1129815601;
whitearrow_down.gif;3512129401;1;1129815601;
whitearrow_up.gif;3353745922;1;1129815601;
jigsaw1.gif;171781360;1;1129815601;
header_on.gif;82859830;1;1129815601;
header_off.gif;3777672864;1;1129815601;
dot.gif;2222365119;1;1129815601;
btn_up.gif;2096573861;1;1129815601;
btn_down.gif;882823942;1;1129815601;
bg_people.jpg;3251620542;1;1129815601;
arrow_black.gif;852570195;1;1129815601;
menu.js;281831916;1;1129815601;
logon_panel.gif;4116225043;1;1129815601;
logon_help.gif;979183993;1;1129815601;
logon_button.gif;3399802986;1;1129815602;
logon panel.psd;3933557307;1;1129815602;
logon panel - 3.psd;2359422934;1;1129815601;
logon panel - 2.psd;1160015466;1;1129815602;
loginbg.gif;3472013335;1;1129815601;
line_bg.gif;351381841;1;1129815601;
