SCMBranch=Expenses
SCMRepository=Expenses/reports
aecriteria.aspx;3563426677;2;1133187362;
aefolder.aspx;1391216945;2;1132316992;
aeliteral.aspx;1378666241;2;1132316992;
aerpt.aspx;3688540863;2;1133187362;
cDrilledReport.cs;3285094624;1;1129815603;
cExportReport.cs;1452789004;1;1129815603;
cFooterReport.cs;1271089629;1;1129815603;
createpivot.aspx;331975153;2;1132316992;
cReport.cs;1898959942;4;1133263989;
cReportFolders.cs;3923587786;1;1129815603;
cReports.cs;1335780446;3;1133197489;
folders.aspx;2168846163;2;1132316992;
pivot template.xlt;196043814;1;1129815603;
printerfriendly.aspx;1052155060;1;1129815603;
rptlist.aspx;289716053;2;1132316992;
runtimecriteria.aspx;3449367917;2;1132316992;
selectfields.aspx;2575724241;1;1133187362;
viewreport.aspx;3508410261;3;1133197489;
aecriteria.aspx.cs;1457735626;2;1132759015;
aecriteria.aspx.resx;1119755580;2;1132757011;
aefolder.aspx.cs;2697792732;2;1130163737;
aefolder.aspx.resx;3502649570;1;1129815603;
aeliteral.aspx.cs;896530632;2;1130321742;
aeliteral.aspx.resx;1119755580;2;1130321742;
aerpt.aspx.cs;441900223;3;1133197489;
createpivot.aspx.cs;950932448;1;1129815603;
createpivot.aspx.resx;2045442912;1;1129815603;
folders.aspx.cs;1129041415;1;1129815603;
folders.aspx.resx;2045442912;1;1129815603;
printerfriendly.aspx.cs;3028590716;1;1129815603;
viewreport.aspx.resx;3502649570;1;1133172339;
viewreport.aspx.cs;2670719011;2;1133172339;
selectfields.aspx.resx;3502649570;1;1129815603;
selectfields.aspx.cs;3190523633;1;1129815603;
runtimecriteria.aspx.resx;1119755580;2;1130325088;
runtimecriteria.aspx.cs;3262036196;2;1131966226;
rptlist.aspx.resx;2045442912;1;1129815603;
rptlist.aspx.cs;3120952780;1;1129815603;
printerfriendly.aspx.resx;3502649570;1;1129815603;
aerpt.aspx.resx;1119755580;2;1132673713;
