SCMBranch=Expenses
SCMRepository=Expenses/buttons
b_ctrl_down.gif;511881675;1;1129815596;
right_up.gif;237596550;1;1129815596;
Thumbs.db;3280367404;1;1129815596;
close.gif;4045078605;1;1129815596;
pagebutton_search.gif;4070665779;1;1129815596;
dright_up.gif;1877179029;1;1129815596;
ok_up.gif;2858938372;1;1129815596;
left_up.gif;3819294542;1;1129815596;
dleft_up.gif;1919801519;1;1129815596;
b_ctrl_up.gif;3151799754;1;1129815596;
cancel_up.gif;1406829925;1;1129815596;
update_up.gif;3575816957;1;1129815596;
open.gif;2081345574;1;1129815596;
