SCMBranch=Expenses
SCMRepository=Expenses/icons
about.png;3583247761;1;1129815600;
about_blue.gif;4213427287;1;1129815600;
cal.gif;3742801286;1;1129815600;
delete2.gif;2320614061;1;1129815600;
delete2.png;745255116;1;1129815600;
delete2_blue.gif;1331082264;1;1129815600;
document_attachment.gif;1458891867;1;1129815600;
document_attachment.png;3153052108;1;1129815600;
document_attachment_blue.gif;897171146;1;1129815600;
document_delete.gif;1819399962;1;1129815600;
document_edit.png;2855998474;1;1129815600;
about.gif;3088824351;1;1129815600;
edit.gif;2739524773;1;1129815600;
edit.png;2906554884;1;1129815600;
edit_blue.gif;2790543509;1;1129815600;
find.gif;2047547844;1;1129815600;
folder_into.gif;2034280815;1;1129815600;
folder_into.png;1669457084;1;1129815600;
folder_into_blue.gif;3640616170;1;1129815600;
folder_lock.gif;1551752232;1;1129815600;
zoom_in.gif;2264288282;1;1129815600;
view_blue.gif;1029166960;1;1129815600;
view.png;1670864673;1;1129815600;
view.gif;1541569962;1;1129815600;
undo_blue.gif;3917238706;1;1129815600;
folder_lock.png;3814616157;1;1129815600;
document_edit_blue.gif;1320184833;1;1129815600;
folder_lock_blue.gif;2875902395;1;1129815600;
help2.gif;835897523;1;1129815600;
help2.png;700027874;1;1129815600;
history2.gif;2372693854;1;1129815600;
history2_blue.gif;1083257220;1;1129815600;
redo.gif;2264562160;1;1129815600;
redo.png;583855001;1;1129815600;
redo_blue.gif;1464939318;1;1129815600;
replace2.gif;2916980744;1;1129815600;
replace2.png;1842639029;1;1129815600;
replace2_blue.gif;3353438186;1;1129815600;
document_edit.gif;1013866600;1;1129815600;
star_yellow.gif;3109731845;1;1129815600;
star_yellow.png;1290102740;1;1129815600;
Thumbs.db;3434224788;1;1129815600;
undo.gif;562536295;1;1129815600;
undo.png;1445817774;1;1129815600;
